# position global 1dels 2dels 3dels 4dels 5dels 10dels 15dels 20dels 25dels 30dels 35dels 40dels 45dels 50dels
101 0.07945514310166829 0.04932876308793499 0.060276134098478 0.05754972647569284 0.058679495896056005 0.05812713429298424 0.08089295889101235 0.09591760025540882 0.0992242950198857 0.11175000130759342 0.09452462677746916 0.07676150980506732 0.10044712701823587 0.12219105296174548 0.1334019995684092 
102 0.043104546370696106 0.02106035032946107 0.024941285092612616 0.0274513580984533 0.018926357681790882 0.021355838921480318 0.03967032418492904 0.05594146134663439 0.047256425592419694 0.053854223727298325 0.04863148841535259 0.041491914935284 0.056073868684286605 0.0731506844005131 0.0900486142893765 
103 0.0301556892960185 0.008797305934470714 0.014340609605619505 0.00987412638617754 0.010271027237682225 0.01939325352346053 0.036551796444477626 0.039807455301518406 0.04309638710689797 0.04319270525500325 0.04574719628671875 0.04135266673275278 0.046681525487234504 0.06426125937257544 0.08478718894400439 
104 0.027602103962199254 0.006370694007949029 0.00748404126159258 -0.002713088153740405 -0.00032536680646643676 0.011178849879522999 0.031505804627921796 0.03311945506787622 0.0409264670466248 0.0456412720917484 0.04107630155450275 0.04419662709353045 0.0449389769130793 0.062191219192070754 0.08408424909741136 
105 0.013653228604273 -0.001097301614642858 0.0063413897083284595 -0.0064132857055380155 -0.00494781506982979 0.007134935809412798 0.02840577946748619 0.02208450650678588 0.038622486501746496 0.03889487751674216 0.032119645976330796 0.0415191024311852 0.038724926186075044 0.05630671426875824 0.0715015303833863 
106 0.009268434490275 0.004308878671302544 0.011922606402593518 0.0016303927911838713 0.0008152452683698961 0.0076964190198543815 0.024646508282496885 0.018080207175780696 0.04414288532980095 0.036125264782840796 0.03441480345327605 0.045814695915126255 0.04062960890274045 0.060319432063812704 0.0697028087309721 
107 0.016649302768010053 0.00528505579289927 0.010483721838222573 0.0029907026448779263 0.0042550249803478555 0.005988273453682044 0.015839757950197066 0.014733327383917623 0.034972182293361395 0.032336862120136756 0.0276617194914342 0.04132033162556445 0.039535668779158255 0.05521763167479379 0.058463656848692654 
108 0.0252343172519575 0.01459541341317757 0.01670223059618047 0.014524762056148399 0.01801702155719442 0.021441854915084158 0.027806381919602496 0.019808333504347114 0.04265260086588215 0.036234977464344925 0.03853778028229514 0.0524628167966555 0.04926285323116545 0.060874402417791615 0.07561645619400664 
109 0.02267748845745165 0.011524657163629309 0.015176692466066828 0.01112036133907704 0.015676839865027593 0.013256103917033068 0.02452080238195084 0.015510214366679867 0.034237951938855544 0.02572559660363923 0.031351271690395005 0.044918170720351085 0.05211152887223154 0.05518676309889954 0.07271404794312245 
110 0.01792785854332858 0.005307913137797252 0.010676679972175456 0.004491475565244129 0.014051492597220062 0.011523291193241084 0.03037251607579407 0.020266020406612472 0.030284778164049436 0.020511592035597798 0.022797834535494138 0.03786698056564675 0.05808829962668925 0.053944645895989345 0.0683143797084473 
111 0.017259981047755644 0.0040889923715273935 0.005356435974804229 -0.00020172799294640846 0.011942162197755363 0.0077348741182257695 0.026871676015234953 0.017671182081288855 0.02605043818191274 0.013262887608448008 0.01590191270605418 0.035945388867317095 0.05042237588636208 0.054592754546187665 0.0666951979907866 
112 0.015958077801893414 0.0023150107867603723 0.00397515640521 0.0004348292412588492 0.01209377055781904 0.010416804498894183 0.02370882954895043 0.024200538933400947 0.031306319503711495 0.021225194314206924 0.020137547365487892 0.036339120524928686 0.05042542838575375 0.05611887358968275 0.06792224392064974 
113 0.028321252888820505 0.004881726225646418 0.01171758860047134 0.010607704709632623 0.01733914106725727 0.010131306359729347 0.026900266502310255 0.024912791565591827 0.038194969365872806 0.03107654398639853 0.03185715025125089 0.046312979639125826 0.05359341931155155 0.05908806509552769 0.0733055482305995 
114 0.031080014863189075 -0.0005545623628663257 0.005565683143868637 0.01190881274666474 0.015323589727977325 0.003533562753785103 0.0234230349471113 0.02113647092643467 0.03294371051818182 0.027664799561961398 0.029744603498911004 0.04628519381415575 0.05295169385777506 0.05836177202361725 0.07288979678378461 
115 0.025815677163118302 -0.0011950932575826145 0.001056470370724314 0.009808264275711468 0.008793366122164472 -0.0002267449138614719 0.018539391745782497 0.013797827963757467 0.027057243298345298 0.02553854989781729 0.027054465568581123 0.040194984354589056 0.055706832507294496 0.06215093244673528 0.07818186258028174 
116 0.030303799824438492 0.003016899416662352 0.004512374854943133 0.01184032024621494 0.009762203667294474 0.0069725258254544 0.01929471405525315 0.018846281062632975 0.028402780863187444 0.03019057465235077 0.0297450583017611 0.04177814987213005 0.056620358914168 0.06539545291004274 0.0822298999873952 
117 0.03389350061841329 0.006851682336564386 0.008692266520015417 0.01340893101256647 0.01723820109886397 0.014298577051805032 0.030212761589602503 0.029576571674481977 0.036558106221569894 0.038661971542547795 0.03595380248819813 0.04715498831560755 0.060472623591133604 0.07255127132498429 0.09196874786756526 
118 0.038138525543687206 0.006418432374674794 0.010398759402634666 0.012902992662032415 0.015949082613732474 0.012819970684262029 0.0343025336048475 0.04149054393175147 0.050235383748156566 0.049527704480180686 0.049225710185042404 0.05435946764138879 0.06740466288545426 0.08138082875995095 0.09695280702092085 
119 0.03717636703581368 0.00677374272215927 0.009304708037197825 0.012909110644972386 0.013914204995713442 0.012432385886155 0.0333557875482775 0.04228293741739158 0.04823299848777518 0.05087727882789965 0.057642030815300345 0.056361118904756244 0.0669317852150852 0.08546649730275785 0.09950577885205114 
120 0.033342780587179655 0.0071492635687396885 0.011721656299967992 0.018120806876401434 0.01756540828578264 0.013504025194439249 0.03616789189891504 0.04683576780890682 0.049551273907239395 0.05323317154004788 0.060914078252440905 0.05827106336044445 0.06835453512371699 0.09006405732165934 0.09792983551011275 
121 0.033625253305196744 0.008538111440350372 0.009452960315762654 0.017301256900728517 0.016610286036784275 0.015566318636339975 0.03521289736104139 0.04557467911017987 0.05011405531728049 0.05348730901170845 0.0603029595611147 0.0550396417125728 0.06770841943111715 0.08458845528044234 0.08953738326026381 
122 0.03273202537696705 0.01064980422308538 0.01122776040488917 0.01355154399384046 0.013978038451127068 0.016850670618242043 0.03819976266004615 0.04725877316925466 0.0559612872248377 0.061034172418517496 0.06449553759242145 0.057454009230252505 0.06525445391510772 0.08665716544882399 0.0934285115686554 
123 0.0422643207891288 0.0122422409388879 0.012049781644087192 0.013032903480817572 0.01656290628196026 0.02249519042940307 0.04229378472598538 0.0581889161885052 0.0664646429391072 0.06684600837340345 0.07366459541793184 0.06769406151890425 0.07325721904560714 0.0988315472564834 0.1026876960813717 
124 0.039756370966608244 0.010847263290759347 0.013414292403128138 0.010514022558465518 0.015165260683831252 0.02271134792374622 0.041364429823625294 0.05868770164813525 0.0704871421601583 0.06905780249404406 0.07580432845157525 0.07328864818516635 0.08026787167736174 0.09923942079779839 0.10182795556397041 
125 0.04085204579967125 0.01276510756402984 0.016888919080651543 0.011645096395433761 0.015260016773118511 0.024361697003838126 0.04233701661526327 0.057566432596119384 0.06720327105733837 0.07177477945843205 0.08016777630105155 0.07879012259229926 0.08502019504554739 0.1013526788146535 0.1005973569235458 
126 0.04419136920381915 0.00989667384617981 0.015157925329683955 0.008351033254563298 0.011148312783125667 0.02132113550438552 0.03608241196255167 0.05305873033771344 0.05683674567426619 0.06168360034133425 0.07224975311489895 0.07714199471687856 0.08210068306699526 0.09765873871769107 0.09265938691329638 
127 0.04309656795913135 0.01147823582473032 0.018933501583455716 0.009573788054958886 0.011731526431520554 0.021004893691971387 0.03481282223652825 0.05095204874067812 0.05247267417693465 0.05425701154786408 0.06641621971361202 0.07206894494213929 0.0714205118551973 0.088581649998953 0.08554533446828909 
128 0.0417031970988877 0.012497205241228802 0.021151365850336317 0.007780287716004914 0.010636991672619422 0.01866657463420182 0.02815637302178566 0.043513445598061966 0.047834074778698284 0.04838877000065132 0.063748004010515 0.0698344272163062 0.0715508830900466 0.08195978008110719 0.08140564986731286 
129 0.048683639157631 0.016013547460891134 0.023450537341415754 0.006765705173486326 0.01343290290844895 0.02073633837322854 0.025296916309655356 0.04574854882888194 0.05085191532427532 0.048257116454045915 0.06459293770561389 0.07740211907121991 0.07874844242892065 0.0906244107973989 0.09128459229695939 
130 0.039968298170248405 0.013899761376793626 0.020465948817163817 0.004918153309873248 0.011826950788062162 0.020081125364108953 0.026178440880033738 0.04240683545899739 0.04752893674830215 0.04522230405626223 0.06457775661049897 0.07752764735684402 0.0823403797241969 0.09308514612125565 0.09441741760876826 
131 0.032173553304930005 0.014273378418379912 0.020088045858662643 0.005802785973641517 0.011208508109618622 0.023300660795287878 0.02663202313326517 0.04453257930532635 0.05089237055170792 0.05043012867438349 0.06850198232310108 0.07941901236133578 0.08009410389974951 0.0955625666568836 0.0979717468357436 
132 0.03162474274637645 0.012101574161437176 0.02099282803832396 0.004560370277306644 0.009023017510944746 0.01996223524088393 0.023915875771344883 0.038665140914052744 0.042471339270972214 0.04827350817431435 0.06289630449636957 0.0747329002102664 0.07565591221291533 0.0881502782280808 0.09656521146721433 
133 0.029023929704601603 0.00919924756305789 0.01863577957803269 0.0036229409671080168 0.008447137462411675 0.018332733428739364 0.020396578763257754 0.03306461678504632 0.03853169823416034 0.04146094273257398 0.05896006093095098 0.07125040388892807 0.07344800536650939 0.08366225115708259 0.09496801043806115 
134 0.02652329856522375 0.006667797451758075 0.01659451831426762 -0.0012459885404652558 0.001779465608837511 0.012753387069423106 0.020721973820292845 0.027523550184276508 0.03386646082188284 0.03522921277170645 0.0543824514421098 0.07194585876152776 0.07603003551875501 0.08037060086123825 0.09616737181271355 
135 0.02361898569063245 0.006892503859689995 0.01270763938008115 -0.003207412436265625 0.001492038405562642 0.010381394158704156 0.016174390089768544 0.024589431217018138 0.030014607253387077 0.03220396466569519 0.05063489566681382 0.06891613596068973 0.07014975726866837 0.07409379587735128 0.09434702176936956 
136 0.027599112380393153 0.00815537736543236 0.01272605764449355 -0.0016719791627947558 0.0008450646226080756 0.010170913263741355 0.014399332594423416 0.02686964712108301 0.031467444761581205 0.03714364673187063 0.05566924858929206 0.07321038155983096 0.07537440647719891 0.0817587146147982 0.10315757192291794 
137 0.0307570082068361 0.006594248591137034 0.011970790912306463 4.570515340482295e-05 0.0009090215509105117 0.007158765113341286 0.0137031616040931 0.023523501019408137 0.03327746229783191 0.040885537876181675 0.060326845180682265 0.07948829429616805 0.08364920310745433 0.09209937007210772 0.10674956974178262 
138 0.029419677223870802 0.0030203907356536044 0.0072779767588283945 -0.0015191618637056883 0.0019431826424176786 0.006630069592975801 0.015616669027861173 0.02189469895245231 0.033566336961317826 0.038906432890491935 0.06097463691903109 0.07915056111590893 0.08713812467904354 0.0953563054583161 0.10735225113280498 
139 0.03143286826365756 0.0012925541946818848 0.004785398929846634 -0.0018572593494514398 -0.0008307595621324126 0.0069629677670720366 0.01574840195445235 0.02296517745825197 0.0337384820027681 0.03995662661182571 0.06033378169594346 0.07658254797025876 0.08471654514166323 0.09325072547709458 0.10954146676594598 
140 0.03405900961910151 -0.00039554010917286096 0.0029364357608925957 -0.00188599304406826 -0.0024084799712004623 0.0076803047891430155 0.015704109701592923 0.023760378824408387 0.03570721464741299 0.04653995380099319 0.06625915019937453 0.07947281874125235 0.08562859365393112 0.09374366752663892 0.11362803588494377 
141 0.031897056889602954 -0.0009624805585335277 0.0009076162214667645 -0.00204966422231491 -0.0016422257711857433 0.009512838872025453 0.016478614587005527 0.02480160572188654 0.03319612060310066 0.043489814402178924 0.06054932087164773 0.07028059109485855 0.08169617964389198 0.08592265110239468 0.10296352080540075 
142 0.0276747086368989 -0.002536505779967566 0.0003233514007554665 -0.0061388822669610444 -0.004834275823751523 0.006122157506714059 0.012621566566651888 0.02377736418505175 0.030880759123827414 0.043049978565616924 0.05793398657774662 0.06766605490944605 0.0785764631412084 0.08125670144325597 0.09772290372890954 
143 0.02756358739794905 -0.0021900628361125477 -0.00040265104567558974 -0.006717548846488473 -0.004539845909042879 0.007710484858667668 0.012687093783258474 0.024374796063256373 0.029178978968338497 0.040127678020516894 0.05465187983158498 0.062375999199345736 0.0732788079950871 0.07606234417487191 0.09216186399221965 
144 0.024072951452961525 -0.002120789591536048 -0.002928361894772049 -0.007517739392496004 -0.005730164080526879 0.006785144253807869 0.015037199418604373 0.025494574234836902 0.02888478854494782 0.038257961829497346 0.05169592608255886 0.057453588475897446 0.0653479018476332 0.0690641397931262 0.08293463639696196 
